SP: 33 34 43 
A: 44 53 
I: 62 61 
J: 70 
K: 69 68 67 
L: 76 
M: 77 68 59 
C: 50 51 
B: 50 41 
D: 32 
SP: 33 
G: 34 35 
T: 26 27 
H: 18 
S: 17 8 7 
R: 6 15 14 13 
Q: 12 21 
P: 20 11 
O: 20 29 28 
N: 29 30 
F: 39 48 
E
TIME: 11h 20m
入替:移動:逆順 = 3:5:2
T0=500, alpha=0.99999, beta=1.000005
timelimit: 6s

//beta無し
