SP: 31 
F: 22 21 20 
O: 21 
P: 22 13 
Q: 14 
G: 15 
R: 16 25 
S: 34 33 
H: 42 43 
A: 44 
T: 53 
I: 52 51 
B: 60 61 
J: 60 69 
K: 68 77 76 
L: 67 58 
C: 57 66 65 
M: 56 47 
N: 48 
E: 49 
D: 40 
SP: 
SP
TIME: 6h 0m
入替:移動:逆順 = 5:3:2
T0=500, alpha=0.99999, beta=1.000005
timelimit: 8s
