SP: 74 75 76 
M: 67 
L: 68 59 
C: 50 51 
B: 52 61 
J: 70 
K: 71 62 53 
I: 52 51 50 41 
D: 50 49 48 47 56 65 74 73 
SP: 74 65 56 47 38 
E: 29 28 
N: 29 30 
F: 21 
P: 12 11 
O: 12 13 
Q: 14 
G: 15 16 7 
R: 8 9 
S: 18 27 
H: 26 35 
T: 44 43 
A: 52 51 50 49 48 47 56 65 74 73 
SP
TIME: 18h 20m
入替:移動:逆順 = 5:3:2
T0=500, alpha=0.99999, beta=1.000005
timelimit: 8s
