SP: 33 
G: 34 25 16 7 
R: 8 17 18 
S: 27 
H: 26 35 
T: 34 43 
A: 44 53 
I: 62 71 70 
K: 61 
J: 52 51 
B: 50 41 
D: 32 
SP: 31 30 
F: 21 
P: 12 13 
Q: 12 11 
O: 20 29 28 
N: 29 38 47 48 
E: 49 50 59 
C: 68 67 
L: 76 
M
TIME: 11h 20m
T0=500, alpha=0.99999, beta=1.000005
timelimit: 20s
