SP: 74 75 76 
M: 67 
L: 68 59 
C: 50 51 52 53 
I: 52 51 
B: 50 41 
D: 32 23 14 
G: 13 
Q: 12 11 
O: 20 29 38 
E: 47 56 65 74 73 
SP: 
SP: 74 65 56 47 48 49 50 51 52 61 
J: 70 
K: 71 62 53 52 43 
A: 44 35 
T: 26 27 
H: 18 9 
S: 8 7 
R: 16 15 14 13 12 21 
P: 30 
F: 29 28 
N: 29 38 47 56 65 74 73 
TIME:1160 min.


//SAalgo
//19h 20m
//T=1000 alpha=0.99999 beta=1.000005
//timelimit=30s
