SP: 33 34 43 
A: 42 51 
B: 50 59 
C: 68 67 
L: 76 
M: 77 68 59 60 61 
J: 70 
K: 69 68 59 50 41 32 31 30 21 
P: 12 13 
Q: 22 31 30 39 48 
E: 49 50 41 
D: 32 31 30 
F: 31 32 
SP: 33 
G: 34 35 44 53 
I: 44 35 
T: 26 17 18 
S: 17 8 7 
R: 8 17 26 27 
H: 26 35 34 33 32 31 30 29 28 
N: 29 20 11 
O
TIME: 17h 10m
入替:移動:逆順 = 5:3:2
T0=500, alpha=0.99999, beta=1.000005
timelimit: 8s
